loading data...................
loading data .........
(5000, 2400)
Elemwise{Cast{int32}}.0
compiling training function ..........
compiling validation function ............
compiling test function .............
[array([100,   1,   4, 600])]
[array([100,   1,   4, 600])]
[array([100,   1,   4, 600])]
[array([100,   1,   4, 600])]
[array([100,   1,   4, 600])]
[array([100,   1,   4, 600])]
[array([100,   1,   4, 600])]
[array([100,   1,   4, 600])]
[array([100,   1,   4, 600])]
[array([100,   1,   4, 600])]
[array([100,   1,   4, 600])]
[array([100,   1,   4, 600])]
[array([100,   1,   4, 600])]
[array([100,   1,   4, 600])]
[array([100,   1,   4, 600])]
[array([100,   1,   4, 600])]
[array([100,   1,   4, 600])]
[array([100,   1,   4, 600])]
[array([100,   1,   4, 600])]
[array([100,   1,   4, 600])]
[array([100,   1,   4, 600])]
[array([100,   1,   4, 600])]
[array([100,   1,   4, 600])]
[array([100,   1,   4, 600])]
[array([100,   1,   4, 600])]
[array([100,   1,   4, 600])]
[array([100,   1,   4, 600])]
[array([100,   1,   4, 600])]
[array([100,   1,   4, 600])]
[array([100,   1,   4, 600])]
[array([100,   1,   4, 600])]
[array([100,   1,   4, 600])]
[array([100,   1,   4, 600])]
[array([100,   1,   4, 600])]
[array([100,   1,   4, 600])]
[array([100,   1,   4, 600])]
[array([100,   1,   4, 600])]
[array([100,   1,   4, 600])]
[array([100,   1,   4, 600])]
[array([100,   1,   4, 600])]
[array([100,   1,   4, 600])]
[array([100,   1,   4, 600])]
[array([100,   1,   4, 600])]
[array([100,   1,   4, 600])]
[array([100,   1,   4, 600])]
[array([100,   1,   4, 600])]
[array([100,   1,   4, 600])]
[array([100,   1,   4, 600])]
[array([100,   1,   4, 600])]
[array([100,   1,   4, 600])]
[array([100,   1,   4, 600])]
[array([100,   1,   4, 600])]
[array([100,   1,   4, 600])]
[array([100,   1,   4, 600])]
[array([100,   1,   4, 600])]
[array([100,   1,   4, 600])]
[array([100,   1,   4, 600])]
[array([100,   1,   4, 600])]
[array([100,   1,   4, 600])]
[array([100,   1,   4, 600])]
[array([100,   1,   4, 600])]
[array([100,   1,   4, 600])]
[array([100,   1,   4, 600])]
[array([100,   1,   4, 600])]
[array([100,   1,   4, 600])]
[array([100,   1,   4, 600])]
[array([100,   1,   4, 600])]
[array([100,   1,   4, 600])]
[array([100,   1,   4, 600])]
[array([100,   1,   4, 600])]
[array([100,   1,   4, 600])]
[array([100,   1,   4, 600])]
[array([100,   1,   4, 600])]
[array([100,   1,   4, 600])]
[array([100,   1,   4, 600])]
[array([100,   1,   4, 600])]
[array([100,   1,   4, 600])]
[array([100,   1,   4, 600])]
[array([100,   1,   4, 600])]
[array([100,   1,   4, 600])]
[array([100,   1,   4, 600])]
[array([100,   1,   4, 600])]
[array([100,   1,   4, 600])]
[array([100,   1,   4, 600])]
[array([100,   1,   4, 600])]
[array([100,   1,   4, 600])]
[array([100,   1,   4, 600])]
[array([100,   1,   4, 600])]
[array([100,   1,   4, 600])]
[array([100,   1,   4, 600])]
[array([100,   1,   4, 600])]
[array([100,   1,   4, 600])]
[array([100,   1,   4, 600])]
[array([100,   1,   4, 600])]
[array([100,   1,   4, 600])]
[array([100,   1,   4, 600])]
[array([100,   1,   4, 600])]
[array([100,   1,   4, 600])]
[array([100,   1,   4, 600])]
[array([100,   1,   4, 600])]
[array([100,   1,   4, 600])]
[array([100,   1,   4, 600])]
[array([100,   1,   4, 600])]
[array([100,   1,   4, 600])]
[array([100,   1,   4, 600])]
[array([100,   1,   4, 600])]
[array([100,   1,   4, 600])]
[array([100,   1,   4, 600])]
[array([100,   1,   4, 600])]
[array([100,   1,   4, 600])]
[array([100,   1,   4, 600])]
[array([100,   1,   4, 600])]
[array([100,   1,   4, 600])]
[array([100,   1,   4, 600])]
[array([100,   1,   4, 600])]
[array([100,   1,   4, 600])]
[array([100,   1,   4, 600])]
[array([100,   1,   4, 600])]
[array([100,   1,   4, 600])]
[array([100,   1,   4, 600])]
[array([100,   1,   4, 600])]
[array([100,   1,   4, 600])]
[array([100,   1,   4, 600])]
[array([100,   1,   4, 600])]
[array([100,   1,   4, 600])]
[array([100,   1,   4, 600])]
[array([100,   1,   4, 600])]
[array([100,   1,   4, 600])]
[array([100,   1,   4, 600])]
[array([100,   1,   4, 600])]
[array([100,   1,   4, 600])]
[array([100,   1,   4, 600])]
[array([100,   1,   4, 600])]
[array([100,   1,   4, 600])]
[array([100,   1,   4, 600])]
[array([100,   1,   4, 600])]
[array([100,   1,   4, 600])]
[array([100,   1,   4, 600])]
[array([100,   1,   4, 600])]
[array([100,   1,   4, 600])]
[array([100,   1,   4, 600])]
[array([100,   1,   4, 600])]
[array([100,   1,   4, 600])]
[array([100,   1,   4, 600])]
[array([100,   1,   4, 600])]
[array([100,   1,   4, 600])]
[array([100,   1,   4, 600])]
[array([100,   1,   4, 600])]
[array([100,   1,   4, 600])]
[array([100,   1,   4, 600])]
[array([100,   1,   4, 600])]
[array([100,   1,   4, 600])]
[array([100,   1,   4, 600])]
[array([100,   1,   4, 600])]
[array([100,   1,   4, 600])]
[array([100,   1,   4, 600])]
[array([100,   1,   4, 600])]
[array([100,   1,   4, 600])]
[array([100,   1,   4, 600])]
[array([100,   1,   4, 600])]
[array([100,   1,   4, 600])]
[array([100,   1,   4, 600])]
[array([100,   1,   4, 600])]
[array([100,   1,   4, 600])]
[array([100,   1,   4, 600])]
[array([100,   1,   4, 600])]
[array([100,   1,   4, 600])]
[array([100,   1,   4, 600])]
[array([100,   1,   4, 600])]
[array([100,   1,   4, 600])]
[array([100,   1,   4, 600])]
[array([100,   1,   4, 600])]
[array([100,   1,   4, 600])]
[array([100,   1,   4, 600])]
[array([100,   1,   4, 600])]
[array([100,   1,   4, 600])]
[array([100,   1,   4, 600])]
[array([100,   1,   4, 600])]
[array([100,   1,   4, 600])]
[array([100,   1,   4, 600])]
[array([100,   1,   4, 600])]
[array([100,   1,   4, 600])]
[array([100,   1,   4, 600])]
[array([100,   1,   4, 600])]
[array([100,   1,   4, 600])]
[array([100,   1,   4, 600])]
[array([100,   1,   4, 600])]
[array([100,   1,   4, 600])]
[array([100,   1,   4, 600])]
[array([100,   1,   4, 600])]
[array([100,   1,   4, 600])]
[array([100,   1,   4, 600])]
[array([100,   1,   4, 600])]
[array([100,   1,   4, 600])]
[array([100,   1,   4, 600])]
[array([100,   1,   4, 600])]
[array([100,   1,   4, 600])]
[array([100,   1,   4, 600])]
[array([100,   1,   4, 600])]
[array([100,   1,   4, 600])]
